64 -72 71
-2 -33 75
-96 -9 -86
43 39 61
-52 9 77
-25 -71 75
-13 -89 37
-48 22 28
-35 -59 24
82 17 58
-47 15 -89
-84 -12 61
35 -58 -88
29 96 18
3 -67 70
-49 56 33
-69 50 -21
94 3 -64
-48 3 60
-74 -72 -24
-4 5 39
19 22 12
-55 46 -71
-17 9 -73
-75 34 72
-55 -3 56
67 98 14
1 -42 -96
-32 -7 -17
-57 -16 24
-62 -70 -31
27 20 -19
58 92 -4
55 30 54
69 97 28
89 -91 -96
18 -20 -75
30 86 57
92 81 -37
59 -48 -5
-6 -96 -63
21 -36 51
16 -97 47
64 -82 91
-44 40 -72
-71 93 -95
-63 -31 -23
-66 -84 -76
15 -72 -82
-41 32 -52
5 46 -83
-22 26 -66
-44 -91 34
-18 -82 69
-17 6 -10
-62 -48 5
-81 28 97
-54 66 -48
-8 -2 -30
-70 -20 -77
19 -2 -35
18 59 -94
-59 30 -58
36 -48 -26
21 76 -51
-20 -30 35
-93 63 55
20 -50 -78
55 -59 40
99 10 63
92 -47 -37
98 32 4
-55 80 -15
80 -4 -46
-32 76 -46
90 -51 -30
84 -98 -87
-25 89 -28
31 15 -74
-9 64 72
-41 14 56
52 -11 -36
8 90 33
22 -40 31
-43 -65 -15
-80 -2 56
6 -51 -41
-75 -19 34
-64 22 -50
61 77 87
39 28 -77
-2 73 -57
-18 -44 6
-84 -92 32
-32 16 -21
-14 75 58
-58 -77 -41
-14 -3 -83
28 -95 58
-63 79 -2
-67 60 56
-49 56 58
99 16 12
-53 -64 -76
84 -81 5
22 4 -93
-56 -48 19
-18 -88 2
-40 94 5
-12 0 -16
-25 -45 -54
-50 -53 99
-68 -56 -54
-93 25 52
-98 -11 -63
5 -28 0
-76 90 8
99 85 -28
87 24 1
-65 -14 18
-59 -6 -50
42 40 75
-27 -44 -85
10 -16 88
-31 -84 -74
-43 -80 -98
39 52 80
93 37 -53
-77 14 -3
77 -96 40
81 5 -33
76 -30 70
29 34 -61
8 -49 18
86 -21 15
-31 3 82
-51 47 2
95 39 4
59 -51 68
-41 76 71
-95 -84 -22
-47 -55 -12
76 -49 63
-68 -6 -90
-91 82 -59
-89 -11 -56
8 -51 -44
-26 65 67
-81 79 20
-80 -36 77
96 -52 -80
-53 -6 9
1 57 -26
-55 85 28
-50 33 -49
-12 73 -47
64 -31 43
-82 -26 -38
92 1 44
75 -99 18
97 0 -79
-24 47 32
-96 -61 2
-63 90 -41
-52 -56 1
-98 58 3
39 7 -23
-91 1 75
9 46 96
-93 6 37
-23 -9 16
-72 72 35
-31 61 -61
-54 -87 20
-82 -54 -49
48 -22 39
-19 -51 -7
80 -89 -81
13 40 32
-64 2 -71
-77 1 -48
74 -47 39
-94 10 72
46 -41 -72
-61 -67 62
14 -98 12
9 -30 -33
44 -47 -31
-20 72 19
40 59 -29
-84 47 55
-19 -64 10
-88 -3 -43
71 -17 -8
8 90 65
54 63 -66
-72 49 -67
15 -10 -94
-11 -1 -44
-6 -65 -5
-64 -23 99
-74 23 -10
-55 63 69
-85 -17 98
6 4 88
80 93 0
2 49 67
56 91 37
-78 56 -21
-50 70 62
-98 -77 -66
-2 -97 -83
-22 -63 70
20 -50 -45
93 17 25
-10 31 55
23 -50 -98
87 -1 -97
-57 99 -27
65 -8 -80
-80 1 -45
-88 -10 -28
5 14 89
-92 90 31
4 -44 -24
84 -92 -32
29 67 91
-66 92 2
42 78 -59
-12 20 56
-95 83 -88
-96 -71 -65
72 65 -26
8 -62 81
-29 49 -6
-65 -54 18
7 -90 -51
-62 -45 13
-24 -22 67
-24 -26 41
-30 61 81
44 61 26
94 73 37
-53 -64 25
0 -82 -13
81 85 -78
-28 37 33
-59 -54 39
-20 -4 31
88 92 -70
23 41 -59
-15 -27 55
54 69 -24
14 -38 60
66 87 -52
59 41 -92
-96 17 74
86 12 -56
36 -11 -99
28 -53 -94
54 39 -23
21 -95 50
-8 -70 66
-74 -40 -83
13 -50 -13
-33 59 45
74 26 -31
6 78 -58
-51 -78 -5
31 34 -2
0 -29 88
18 54 17
50 -20 99
25 -83 12
-52 57 3
17 49 -76
94 -99 -73
73 81 63
-58 -17 -92
34 84 -74
-35 32 76
68 84 -55
41 -27 -21
34 19 14
20 -23 28
-33 -61 49
15 -98 88
27 8 68
-17 91 -1
96 9 59
-29 68 45
34 -66 8
-48 -68 46
94 26 52
43 -15 -31
-34 -90 16
-49 35 67
-13 85 23
-8 95 -21
-42 7 82
-66 -62 58
-75 62 -89
6 47 -32
23 -37 14
-40 29 -31
79 -63 19
16 -26 75
-51 -97 -62
27 -77 74
-19 -43 -98
49 81 -74
-38 -22 21
39 -81 37
-50 13 -95
62 66 -88
-85 -68 53
31 -61 -97
85 -45 -74
1 49 62
-72 52 -46
-11 20 87
41 83 51
14 76 -96
-20 0 92
-38 -45 -88
42 70 -70
54 47 28
-15 58 1
39 68 93
56 42 -13
-25 24 23
-62 -15 -40
-13 25 52
1 0 44
33 98 -75
-87 -41 48
-59 -12 -25
-86 38 74
92 72 95
-92 91 -28
24 -61 63
41 -35 -33
25 73 -59
54 -59 -66
-69 -62 -48
-9 6 -30
-20 -19 44
18 7 -41
-22 -34 56
62 58 -51
-93 56 9
-90 -25 25
-76 51 44
66 -77 98
73 -17 -49
-30 -38 19
-64 -12 57
12 -66 0
-69 21 59
82 -13 16
97 62 -14
44 56 -66
-71 -35 -50
48 60 -95
52 61 0
-71 -89 91
-81 -32 6
-96 67 29
48 52 26
-4 73 -57
26 -51 53
-48 58 86
69 -25 -20
-6 -76 -16
47 33 7
72 -74 -9
72 23 13
-66 -94 71
-65 -58 4
27 -85 -62
86 -3 -16
-2 16 -13
63 -55 -50
38 27 -88
-32 -68 -56
-63 20 -81
53 47 51
88 91 -63
-48 -14 -60
-58 52 67
77 84 -48
-30 33 87
67 -52 -61
-24 0 -39
-90 78 -39
68 -9 -81
-72 -5 -89
-90 46 -67
69 25 84
-51 84 -10
71 -4 46
21 -34 58
38 -45 81
2 -33 99
4 73 -53
-64 -29 13
27 49 91
-68 42 -50
71 59 12
-77 40 -26
-14 -80 -34
-41 -18 -23
36 9 62
-67 41 -90
-29 86 -32
62 -99 -60
24 38 -83
-93 -59 40
69 -38 -75
77 -1 -84
-5 -44 -70
86 -44 15
-38 -76 29
-15 26 41
99 -30 50
-41 -44 33
-3 -2 -33
19 -71 -19
-20 58 -16
-35 -80 -36
-51 32 -45
-23 -81 -42
33 -31 -57
-77 -79 5
76 77 -2
-64 -50 -69
-19 -49 -32
-55 -13 57
80 -19 -65
50 61 17
-40 -48 -57
-7 -62 -93
-88 52 -27
3 -18 49
77 -77 -20
11 52 76
99 49 65
79 -77 -63
83 39 43
82 37 46
83 62 -48
-87 12 -35
55 27 52
-8 -19 3
-58 -27 10
76 39 94
22 60 -60
-22 -81 39
-61 -97 96
1 -8 -45
-65 14 25
-6 50 -20
-73 -25 -62
32 -49 -86
-51 2 69
-88 -52 -91
26 -2 -56
-89 -39 14
-87 -60 -81
45 -94 86
91 72 61
-31 -84 53
9 85 -14
54 14 -21
-86 36 12
-45 66 -11
89 -84 -58
-55 -75 -42
-78 -26 42
-5 27 81
32 -94 -91
68 -48 9
-65 -38 -48
-32 3 -68
-73 -14 92
4 -78 -62
-19 87 -6
-87 72 25
41 -40 48
91 -44 81
22 15 78
-5 -60 78
-84 17 37
12 63 9
44 -19 -88
-38 -92 -82
-52 -76 13
38 -38 33
-71 -75 -87
9 50 -76
-76 -59 -96
-66 -51 -97
-86 -37 -44
-75 -21 -4
-4 12 94
-58 0 8
-62 -88 -39
24 88 3
32 62 37
-62 65 -78
30 12 -66
-14 -37 93
3 -44 -63
-58 -35 -27
46 5 -85
58 -30 78
7 45 -47
-20 -92 -94
-62 -98 -91
-40 3 84
9 29 94
78 64 -18
-51 -81 13
-33 -98 40
-41 -70 1
-35 -96 -74
32 72 98
98 -4 6
49 28 71
-69 91 1
-19 23 4
-83 -79 -11
3 55 7
-7 -27 18
-54 79 18
29 41 -24
79 97 -10
37 41 13
87 -59 -36
-8 -90 56
61 -82 92
77 94 76
-15 69 -5
39 5 -65
75 26 32
7 88 92
62 -82 73
63 22 -89
37 9 97
-71 74 57
-42 73 50
8 -47 -12
32 -4 56
-65 63 -10
-89 95 38
-94 10 -85
32 -96 56
-60 -61 18
46 90 10
24 -70 -82
-97 82 -14
-89 -13 -27
63 -59 -44
68 -51 11
54 83 -70
-8 63 -4
44 43 84
68 34 -58
-15 -49 -1
43 -29 25
-2 90 70
27 7 98
-46 -14 34
-53 92 -16
92 -41 -45
14 -33 39
-82 -39 98
94 24 37
33 36 47
19 -29 -54
27 86 -58
83 45 40
75 -76 63
81 -91 22
-94 -14 -15
-76 -51 -44
85 81 24
-15 -23 41
26 -20 -30
-52 -3 -14
-17 -10 -31
78 48 -98
78 -88 -64
65 95 -45
-77 94 82
7 63 39
-91 -96 18
-54 32 -53
45 -36 -92
55 7 -22
-41 -1 -65
38 -29 25
-53 -98 42
-42 -29 44
-49 11 57
-27 69 41
99 23 7
-32 -86 38
-56 -50 50
13 -30 -51
97 -81 -17
-90 65 47
-75 91 -11
-60 -75 -59
-40 94 -68
-37 87 -61
71 14 -60
-56 -58 -21
-39 -30 -53
80 -20 -38
31 -88 -56
-54 70 -65
26 -15 -32
-11 -6 19
-12 -95 64
70 -27 31
41 -16 -86
78 22 -81
-8 21 -56
38 -8 97
-35 -83 19
0 29 39
50 -25 58
86 66 14
72 -52 -50
-42 -59 31
-38 -90 -1
52 3 -85
24 87 38
-51 -76 9
-12 -48 25
5 -83 31
-23 -65 65
56 -19 -81
70 20 -52
7 -64 36
-26 -30 5
-6 14 -2
2 -15 31
71 69 -68
-56 11 -80
1 -39 11
67 44 -38
56 -88 5
32 -86 -52
-86 -62 -58
-26 36 96
-13 92 -87
-34 -41 69
17 -11 23
92 82 59
51 -98 -42
-10 -69 -49
-46 2 -54
-61 -24 -97
91 65 94
-17 -44 93
-7 -12 -52
-14 -24 0
40 16 98
48 74 59
-7 38 97
85 64 -53
66 72 3
46 48 -56
68 11 -36
43 39 -64
-97 11 -61
-4 -39 88
-32 84 96
75 -47 8
91 -41 -91
60 -93 27
-5 -11 28
-28 91 -85
-71 10 82
28 -36 -27
73 -89 33
-89 98 20
-89 -78 9
-66 14 10
85 -26 35
-48 -94 -84
93 6 92
-12 -59 -19
88 97 20
-99 62 82
-88 17 66
-82 -52 -77
-37 45 65
10 73 0
-20 -66 -45
47 -99 -34
-44 -46 50
20 14 -52
51 70 74
-16 -65 -40
-70 -89 24
30 -72 -54
36 -94 63
2 -66 -45
69 -70 -99
57 -98 -88
-86 78 -97
76 -94 59
37 21 -84
41 -27 64
-82 -66 51
-58 58 70
-5 35 77
46 75 -42
-33 78 97
-93 -44 13
-36 -41 75
-50 69 23
55 -33 -43
11 52 -10
75 -17 -68
39 -42 -32
42 0 -83
-83 -38 -80
-38 81 -76
40 -19 67
-98 16 22
-2 -49 -22
-43 -50 -47
28 -83 -86
-85 95 -24
81 -3 30
94 -27 93
37 5 -73
-37 -63 52
20 -68 -20
-38 -79 90
5 -11 36
-97 -12 97
-8 -53 94
28 -7 25
-88 -52 -85
-67 -40 68
-60 8 87
25 69 -56
71 -94 -78
-91 16 -78
66 85 31
12 -41 30
97 32 75
-99 34 -56
-93 64 -47
-97 24 -76
-12 4 -74
-78 -5 -2
-30 37 -22
66 74 -34
36 -58 61
-50 69 59
26 -46 -53
-64 28 -8
89 -28 -51
87 49 -59
-24 -7 -34
-89 12 -31
23 -61 -14
-77 77 -90
67 -57 88
37 97 87
-9 26 -65
6 24 68
81 -70 77
96 55 -17
-95 -50 -7
68 -10 16
-45 41 -25
-73 76 62
-54 55 -30
-7 74 55
51 -70 21
-68 76 -1
-48 -26 -40
-66 47 -46
63 -27 -99
-8 -73 -67
-59 -14 96
72 68 -99
89 -96 20
-51 60 -60
-63 -33 -95
-1 59 -42
31 91 -60
-7 -42 -39
94 18 -30
-77 39 -95
58 44 97
-33 27 -26
-79 15 -12
29 70 76
-13 -1 80
-26 -6 -81
86 -60 -93
-40 -5 -42
-21 90 15
-38 28 -47
-19 -1 -36
-75 -94 33
74 -93 57
9 96 -14
41 71 -12
89 -90 -86
61 25 -1
74 -84 49
-33 -18 -79
-25 77 85
82 34 -99
1 2 -89
-12 -26 -23
-38 8 77
-55 -4 -43
16 50 73
59 -27 -78
29 69 -38
-9 -94 -25
29 -59 -97
-37 15 83
82 -4 -88
-2 -72 -67
-48 -8 -86
32 49 51
-18 7 -48
-10 31 -26
26 -41 3
93 88 69
23 -14 -13
65 -14 -7
-41 -45 56
-27 19 95
88 -95 -34
-16 -19 -41
-97 -15 -79
-96 50 -93
-51 -61 -30
-14 -7 -72
-72 77 -92
-15 -17 -32
83 -96 -14
-98 37 72
-32 -48 -21
65 -46 13
73 -67 -74
34 23 43
15 16 32
-34 -65 76
-56 64 63
28 51 38
-22 38 -33
38 95 19
-39 -19 82
20 39 -64
-33 -88 56
80 -5 -22
-92 46 95
61 -22 -88
72 -45 84
0 62 -18
49 44 -30
28 68 65
59 -64 -57
-2 -82 81
59 97 36
-14 42 -77
88 -56 34
-64 -25 -53
-13 25 -46
-67 -76 54
-13 65 -89
53 12 -98
-96 -27 44
32 -75 18
-28 33 55
67 -65 64
25 -89 -67
93 68 17
-32 -44 -23
-88 78 63
81 -61 16
12 -92 31
24 26 -76
-96 42 69
-83 -20 66
65 -43 70
-32 -30 -37
6 71 24
7 -51 -42
19 88 -4
-26 -29 -66
89 49 26
-87 33 -95
-81 -97 -55
42 58 47
-49 -33 -27
-90 53 94
32 -87 -57
-47 86 -54
19 85 -64
78 11 -18
73 57 -37
86 -16 59
-90 26 -53
-98 32 -30
44 -19 -93
-70 39 -64
40 -19 18
42 -91 25
-14 -99 -60
6 -40 -25
-72 16 -79
59 43 86
-38 27 49
-96 -38 95
-83 56 19
52 -30 -4
14 -36 -11
55 26 -1
-68 43 -36
80 -37 12
17 80 -84
-13 56 -37
90 -24 -97
-83 86 33
45 -14 79
13 -44 -73
-84 -94 -50
-22 -73 26
-10 12 35
6 7 93
4 40 95
76 36 -70
28 79 77
43 -64 -86
22 -72 -80
3 -70 -87
64 -12 32
-57 -42 33
-42 -7 20
66 -46 -81
-88 29 -89
80 -24 86
73 46 -21
63 68 -45
-53 48 69
23 68 15
-85 -93 -47
-91 -44 21
-16 48 66
-40 13 96
86 39 -41
62 -77 98
10 43 -4
-43 -78 15
-90 -59 -33
-86 0 20
-6 16 -18
75 65 28
56 -82 -51
19 36 41
89 -28 -91
-85 -70 50
4 -86 2
34 -89 -75
21 -94 -92
-53 78 -30
46 -18 75
75 -67 62
-31 -33 60
46 -32 -61
-29 -7 -59
-33 -12 -80
72 66 59
-93 -18 -38
-36 -50 -31
27 8 -22
2 14 4
15 -71 -99
-58 54 88
74 86 33
47 -19 93
40 -19 -31
-17 -92 -24
56 2 69
95 75 90
15 -35 -14
22 66 85
-96 14 -14
11 -53 -12
-92 -72 -85
71 -59 -94
81 -86 1
-49 44 -67
-45 37 -66
-49 82 72
-41 -9 -81
-74 -15 -22
-16 -47 47
-5 -60 -96
-99 74 -82
-10 -90 -39
80 75 -67
95 -64 46
-47 -39 -65
7 56 -29
-38 93 37
72 -30 50
-60 71 -74
62 29 -28
-64 91 54
-88 92 -16
35 47 -83
-1 -91 93
-20 -45 43
-55 20 -87
32 21 74
-25 -36 -7
-90 66 -44
75 -23 33
-95 29 -35
-35 19 37
-46 86 96
-70 81 -1
89 -80 64
42 -53 43
48 54 87
-47 70 68
-34 -68 1
-24 95 -61
-53 33 98
-91 98 3
56 -66 48
83 -35 44
23 33 34
84 91 19
16 -28 -46
-62 40 23
-64 73 -17
-42 48 54
36 52 -90
98 -68 43
-31 66 15
-30 71 -23
3 -23 6
-66 -32 65
-14 86 -55
49 7 -31
76 30 -60
86 -38 26
-49 74 35
-16 -38 35
77 29 -10
-41 -34 -75
-32 -11 -55
53 8 72
39 -33 -2
-76 -25 -42
25 21 -22
6 91 68
39 51 -56
31 -45 -86
-51 -47 79
8 -65 -83
89 55 99
-20 47 53
-61 27 -79
30 -73 26
82 -52 -14
-52 24 97
-78 -45 -17
70 33 31
93 -77 43
9 13 -95
31 -98 -15
-12 93 0
39 -82 85
-90 -98 -30
-31 -60 88
-17 14 -72
-40 -18 57
-58 14 76
-55 -28 -76
42 18 -15
-34 -86 -49
36 -43 -96
84 -96 -65
-85 83 96
-87 75 -15
40 95 55
-40 -53 -76
-96 62 13
-41 -32 -81
1 -44 -2
-66 -86 -3
-15 89 85
-58 78 45
88 91 -23
70 30 -34
-33 -74 8
90 -26 12
19 -99 -64
-24 -86 35
-18 12 15
-16 65 -29
-41 -17 -96
-12 -62 -14
33 85 -35
-17 31 32
72 -80 -42
1 -28 2
12 33 -79
54 -33 90
82 43 3
-81 31 -56
68 97 76
99 -91 32
15 -92 84
3 -31 -67
61 -4 37
96 -67 49
95 67 -25
-88 45 78
-68 87 -55
-25 88 46
84 73 66
-85 57 -49
45 73 32
19 5 73
21 93 91
91 78 5
25 56 -64
-72 -2 75
94 -20 -68
-50 36 -34
-42 -51 -8
-10 -3 -69
-66 78 74
-67 53 54
62 -14 -12
87 -97 -58
83 -66 -8
-6 -19 -1
-54 75 -43
-18 9 -86
-10 -23 12
-84 90 69
-37 87 -5
65 23 75
47 -90 -69
65 25 32
35 -86 -49
75 13 -90
44 51 85
-21 -84 -35
-25 -78 -52
89 2 85
30 -24 -68
-78 -97 60
32 -36 -97
-72 96 -66
19 -39 99
-32 -70 -8
-93 -14 -1
31 -35 -30
-70 -39 64
90 -57 -74
84 -82 -31
21 -66 81
-38 -58 36
84 -12 65
-47 34 72
69 -63 -5
31 90 -47
71 21 47
-94 -25 94
-76 9 96
92 -4 11
-72 30 -66
-44 -7 -6
98 -95 -89
-54 -24 -65
-94 -26 -82
-8 25 90
91 -96 -87
-6 -8 20
38 42 67
-76 -72 -33
48 -33 -84
-42 -29 99
46 -26 -33
-17 -21 27
-5 -66 84
-90 -87 -75
-32 -67 9
30 0 -12
-47 -14 46
-22 -29 23
78 -23 87
-27 23 37
-79 4 16
-86 1 -76
-70 36 -36
-19 43 2
-40 -81 17
-57 78 -68
32 -47 94
-41 -87 -71
-79 12 8
14 58 -13
46 -26 40
-81 72 67
86 50 -21
87 6 -48
-17 -99 11
46 -9 97
-1 26 21
-5 26 49
25 61 78
38 97 -68
-43 78 20
98 29 33
61 -9 36
-44 -43 41
0 93 -27
51 -89 -88
-28 -87 6
7 -24 73
-71 -17 81
52 -27 -55
79 3 -91
-22 72 30
72 14 -81
20 87 1
61 4 49
-42 29 -19
-25 49 -58
53 -9 -58
83 -60 85
-88 -60 -86
-98 -83 -40
-67 34 -1
80 65 -14
-67 35 -8
-50 -36 -29
57 72 -11
-89 -48 -19
83 -90 -87
73 70 -4
88 30 96
51 70 21
-77 -71 5
65 62 70
93 32 -58
-78 53 85
34 80 20
88 -32 41
40 61 15
-21 -4 -2
83 -52 -39
41 -57 -63
20 38 -20
-67 44 15
-77 36 -43
-87 83 -11
-65 -29 50
-41 20 -66
39 49 -39
61 -24 31
58 52 21
-50 -37 -23
65 17 -70
89 -24 51
11 32 -4
63 47 74
85 -77 8
-35 81 -89
-92 76 32
-8 -5 -70
-60 36 1
68 -3 -45
-9 52 -10
79 12 -23
20 86 -7
-40 -31 36
13 23 -74
40 64 -16
-80 89 87
1 -69 84
78 -44 1
-61 -34 31
-89 -76 -22
-66 -32 67
-2 -76 60
-7 96 -93
69 -97 79
38 90 -10
67 -7 -15
-96 -61 -24
81 67 -69
-24 -84 -71
-83 -62 99
79 -32 31
-60 19 84
88 -7 10
14 -50 -28
54 98 -32
-12 -31 -17
72 -89 70
3 -99 -98
53 35 -60
12 -77 -10
-38 -27 -90
75 -87 -90
2 -68 -65
98 -80 63
-48 4 -95
-25 -56 76
32 -5 39
-23 8 -97
-23 -49 2
40 -96 -23
-12 -25 -38
68 22 -70
95 -39 -53
-66 17 48
-11 92 -62
-33 9 -52
-76 -71 -14
-39 -61 -77
30 -45 39
27 88 -50
-86 -93 -66
-35 -45 14
7 -11 9
48 -20 1
59 -55 62
-46 -42 15
-78 72 -52
72 -8 -38
80 -15 -99
-3 54 97
54 43 -24
-35 -13 -79
-97 -4 -61
-72 34 33
-20 -31 62
-90 -60 7
-84 -39 -20
-23 -2 13
70 41 39
-10 91 -53
82 24 -78
24 40 -45
30 -79 52
-12 -6 61
52 56 -49
-36 42 -13
-11 -29 67
78 72 74
-5 -54 59
6 74 -86
70 -85 -82
-86 -35 -8
-79 47 -26
49 75 -33
68 -66 -47
-22 -31 -81
95 36 39
16 -40 2
-36 -64 -57
61 8 26
-49 15 -23
-60 -46 24
18 -28 74
66 -38 40
-35 22 -71
50 -79 12
3 -80 -16
-4 -92 27
-31 77 74
-34 27 -10
66 54 80
-38 -26 25
90 88 -1
-25 -53 78
-38 -5 -23
19 77 78
-21 -8 9
-51 25 84
-99 -27 -65
-68 -37 87
3 -1 90
-38 31 62
-29 -79 42
34 -26 -68
-53 -78 98
40 -91 95
61 -69 -68
-72 63 -82
-80 58 -12
-93 -85 -37
17 41 -79
4 22 -73
-68 11 -99
8 -46 -87
-89 -13 93
31 -98 42
25 24 -57
-84 25 43
49 92 -44
5 75 -33
-45 69 -92
-12 28 -84
58 3 4
-73 63 -97
41 -45 96
93 -90 -34
14 -94 -97
40 4 -41
-4 -92 0
-39 -33 -49
-53 32 -45
61 16 94
49 -78 61
-73 16 47
51 -39 2
-72 -54 68
26 -74 23
75 10 67
56 -31 -70
-79 63 -45
27 63 -37
10 77 22
42 -14 29
48 -47 72
58 14 -20
-37 97 4
41 94 33
10 54 -27
-24 -3 -10
95 -88 -8
-52 -32 50
-56 52 89
88 93 -13
-64 25 23
-83 53 -60
99 -73 10
16 68 22
39 -67 -10
86 58 -6
1 -29 -88
49 -45 60
-54 81 -34
84 19 -8
15 -21 -66
38 -25 97
74 70 14
-58 -40 -51
68 40 70
-83 47 84
98 -20 56
54 -3 60
25 22 -56
-67 44 13
-87 -5 66
-19 7 -50
-97 -52 -42
77 -74 -97
55 -79 -48
84 -84 -75
-52 -60 20
-10 -97 -17
-47 54 69
25 -10 96
62 70 -78
-92 -22 34
-20 -50 47
71 -26 41
-40 25 51
-89 -23 -96
74 27 7
50 22 43
98 18 -4
-59 55 80
67 98 -56
29 96 30
-71 -56 -46
-23 43 57
-84 -40 -88
-43 -91 -40
-76 11 -74
48 -14 42
74 -30 92
46 94 29
-90 -16 12
-58 86 -56
42 -57 -33
29 -59 -79
87 -17 22
38 -4 35
36 25 -52
46 56 54
-69 -15 77
-24 78 -20
-61 75 61
-90 -19 -35
-26 -13 -40
21 49 -74
53 -51 15
54 29 -90
10 68 -75
65 12 74
-68 -74 -83
-36 -5 63
-24 6 -77
-2 6 34
56 -9 75
99 45 -80
-18 -76 -48
94 -51 -63
11 19 -13
30 16 99
29 91 35
-89 4 -55
95 -70 -82
27 26 -25
-20 -50 75
12 55 -92
6 -70 -47
-35 -50 17
19 -77 -14
-97 19 -17
-30 -16 70
22 7 54
95 65 76
61 -33 -12
79 81 -94
-15 -79 30
10 -95 16
-78 -46 90
81 91 24
78 -30 37
92 78 -94
-37 -64 35
-5 14 0
34 -80 -20
-22 5 -37
-9 39 -36
2 -55 -36
67 -14 -79
-57 -13 20
-97 -92 -54
19 25 37
-17 76 -13
-65 88 9
-69 74 -72
41 -81 18
-83 -35 45
1 -14 94
3 -51 54
95 -15 -26
9 90 79
36 72 14
64 99 62
-27 -8 3
-27 -88 23
98 79 36
19 -28 56
52 23 -73
64 -72 -76
-72 -70 -83
98 -59 -50
-5 20 -3
-18 76 -65
82 67 -18
-6 80 -61
-64 48 -27
-90 47 -36
-15 5 74
-75 46 90
-78 -2 71
-71 -91 -89
58 22 -16
34 -64 65
8 19 21
19 22 -40
-48 -6 -66
-52 -88 -56
47 65 42
-69 -73 -12
42 -32 27
-37 -38 28
6 44 63
7 95 3
-75 49 -85
82 48 -44
-79 -48 -49
-71 28 -2
60 -8 26
93 20 -56
-37 0 -27
59 50 -92
18 54 -15
99 -71 -22
93 73 37
31 -89 -42
57 -54 -78
-16 -81 0
-79 -18 31
-83 -5 -80
88 -44 -60
-15 59 -36
-91 38 -16
16 -24 20
-31 -15 -54
95 12 69
-27 53 37
89 11 -27
78 -90 -23
33 18 -61
-34 -46 -62
-93 -86 -8
-1 74 -47
-44 23 25
-82 89 61
93 -4 34
-19 -16 -23
81 -40 -65
-30 -32 -53
-48 -92 -91
88 -93 6
0 93 -9
29 76 61
10 -52 67
67 -61 57
-3 -71 -51
-67 10 0
-24 -73 43
80 -73 -60
65 89 8
50 23 -69
68 -83 78
-73 14 -32
-45 18 -68
75 14 27
-26 91 -3
-94 -53 76
70 -27 88
-45 -66 -55
-38 -66 -71
-95 99 6
-54 -46 -35
74 -11 -65
-78 -93 -41
5 -43 13
-66 -35 15
36 50 88
-46 55 22
-62 27 4
-3 -94 -65
46 57 -62
-57 -37 36
-69 58 57
-23 -59 -19
-64 16 -67
47 74 20
-17 -55 71
-57 16 0
83 43 -40
-21 -88 59
-42 -57 34
44 43 -50
59 98 55
78 86 66
-19 22 -80
-5 51 27
63 -70 55
36 45 -94
-16 -66 -55
-79 18 -43
48 -2 -32
-3 8 -17
-24 97 61
25 14 79
-82 74 72
-48 41 51
-86 27 -67
23 54 -25
-72 0 76
35 91 53
64 84 -28
-73 -30 -43
-92 14 75
-91 77 15
-73 -35 71
-44 2 -76
-4 9 -13
46 -92 -91
44 73 -31
25 -9 -63
59 77 -13
62 -96 -84
-52 -67 -7
-61 -14 27
-29 40 -68
86 -91 -94
-18 -48 37
93 79 -95
-90 -74 45
-86 27 96
84 93 -51
-93 -60 -96
6 -16 71
-54 -20 82
6 12 53
-91 69 53
99 10 -56
-91 -52 -97
33 96 9
1 -68 -20
-18 -72 12
81 -8 68
2 -41 -6
59 -18 46
-1 80 83
54 26 31
52 64 -30
-58 -99 46
-44 55 -2
81 -11 -56
-22 -71 -52
-40 36 5
-11 -57 -80
-30 52 1
79 5 -38
0 -31 35
62 6 12
35 29 -91
48 63 -86
-31 65 11
81 -81 33
-35 -46 -36
38 -36 57
-87 -45 -17
55 -31 94
-84 -68 96
-37 -65 -26
-40 -34 54
-39 29 94
-12 -14 -55
51 -23 -39
-99 87 -39
75 0 -97
-75 4 79
-27 83 80
-6 -47 60
46 -79 -21
59 -12 82
-31 -66 -24
26 66 -60
25 28 -66
22 73 -53
63 -88 90
-11 11 -94
-27 -7 67
-63 62 84
-43 20 -56
-16 85 47
23 33 28
-70 76 -55
48 39 28
-92 0 -65
-57 0 -13
-16 99 -95
-26 -91 -10
-91 -37 39
27 87 -9
84 33 -92
74 -41 -85
-92 -41 75
39 -20 -15
-75 -86 44
-48 24 -30
79 -2 -96
83 -99 58
49 69 -70
71 -5 -63
-35 -41 -84
-37 55 76
-18 -96 55
-3 -68 -28
-47 13 18
99 -17 -13
67 8 73
-20 89 88
69 -95 22
-25 12 -4
4 -9 36
60 1 -45
-55 -47 -6
94 97 15
-28 -42 61
-49 89 -58
87 -52 -81
85 -73 75
56 -57 -9
47 96 -3
16 -82 36
75 29 -25
-28 -71 -6
27 59 -3
78 -24 -35
-30 -89 -32
-51 55 77
93 41 -83
-57 27 85
-89 -37 24
-9 53 -48
76 47 33
-15 -60 -3
26 67 90
-57 -9 36
-64 -81 -76
94 -10 -47
88 87 -94
-8 -94 -32
-66 -89 -83
-57 82 -59
85 -55 -42
-36 -49 95
90 -33 63
-90 -32 54
5 16 -14
-43 -11 -52
36 31 7
28 81 69
-51 92 -54
58 57 76
79 60 45
90 41 53
41 37 -58
57 39 41
64 2 66
82 75 7
-91 86 -39
94 -89 -63
78 -28 82
51 -31 16
-73 78 44
95 22 79
-10 25 -58
57 89 -81
-49 64 52
-5 24 18
98 -64 66
-71 57 -57
51 27 67
-98 9 98
49 -38 33
-83 71 77
65 -27 -97
96 1 2
39 -9 79
-29 85 -58
-56 71 -61
49 92 56
-27 74 46
-25 -56 -15
-52 -17 -31
4 64 23
-37 -87 71
-93 -4 6
66 -45 75
47 80 12
85 -72 57
-13 -10 9
-40 -65 47
-18 79 88
-75 79 -46
-37 80 -83
99 14 85
18 -32 -37
62 -37 13
35 -38 87
93 80 58
-55 61 -42
61 86 -30
86 -94 -31
32 34 -77
15 70 34
61 51 -84
-61 -52 -66
-69 -12 56
-88 -67 -94
-90 3 -48
-4 22 -67
22 57 -73
42 93 53
53 -32 9
-5 82 80
-19 -80 61
25 99 -42
48 53 16
62 7 -24
90 -7 -53
-1 14 -72
-69 -56 -46
27 49 -40
-64 78 66
-17 -96 16
85 54 -11
41 95 -85
25 92 72
12 -96 1
-93 -64 28
-27 -37 33
15 -94 -95
-61 94 -60
-26 -87 1
97 -40 55
59 -77 55
71 50 34
-32 97 -38
89 -37 55
-14 -44 -69
65 -98 -69
92 -14 62
-94 -76 90
8 -48 20
-72 -31 0
37 85 24
-98 57 26
-31 -67 39
72 -53 73
-6 -17 66
76 17 -40
-40 0 43
-1 -24 -27
77 -78 14
-64 46 -66
-69 47 40
-27 -85 -98
-11 52 16
86 23 94
-80 74 65
-63 -38 21
48 45 87
92 40 39
7 -81 -92
-76 86 65
26 29 -52
27 36 78
-49 99 30
-97 -13 20
-4 -97 54
68 -16 -77
56 -62 81
-9 -46 -12
49 25 -98
46 -2 -12
84 48 -97
78 -26 35
-41 -52 -57
-89 93 -4
-26 61 5
13 -31 70
-92 -89 3
8 -89 -21
-90 -79 -68
-2 91 26
79 23 -84
18 -99 30
-58 -23 98
34 1 -41
-48 -36 -35
-90 27 -87
80 49 9
-45 -32 -83
-62 -7 -91
35 42 -86
-51 -48 -70
-18 76 69
-52 10 2
-96 95 -6
18 -3 57
-96 -53 -93
78 43 25
-88 -62 -55
61 29 -62
-62 -43 -47
44 -76 81
91 -84 78
16 72 -25
-80 -20 24
-39 -13 2
-89 51 78
-64 44 -34
51 27 -71
84 79 -41
-91 14 64
24 10 84
33 47 -23
-46 73 -84
88 -95 -99
55 20 6
-65 35 -99
34 -99 -30
-2 41 20
-33 58 -35
89 -31 84
35 -40 89
4 -55 42
-35 -90 -9
-64 -44 -61
61 -80 -69
71 -87 75
64 23 -73
35 -14 4
35 -19 30
14 -30 11
-32 -83 36
79 67 68
-47 32 -86
-75 -91 36
83 36 40
-30 -73 13
6 -13 -81
-29 -8 72
38 -61 78
-63 72 89
-66 -47 -97
5 88 51
90 -65 -94
-11 74 75
-21 -39 44
4 -5 32
77 -65 -7
61 -7 -56
15 54 37
-5 52 47
40 -40 66
0 37 10
12 50 -27
-48 -8 -26
-35 -61 93
-31 -97 34
-14 -22 -74
-21 -90 21
55 -44 71
34 1 28
-65 -43 -72
76 -89 -88
-43 -4 -15
-26 -98 -19
-54 21 88
47 80 -48
73 62 -28
-79 30 37
74 82 63
85 -14 45
17 2 -6
-55 -93 66
91 18 -70
33 -2 95
50 14 6
35 70 -86
40 -51 99
-54 69 54
86 31 63
-87 21 22
26 83 -11
10 -62 3
82 42 99
46 -17 -49
74 96 69
-69 -52 7
48 4 -7
92 32 -79
70 14 -90
69 -30 1
-73 -43 24
-41 86 44
82 59 -41
30 8 -80
-21 18 55
-34 63 90
43 -14 67
-38 16 -2
-52 85 -19
78 -89 -27
92 53 88
6 19 -80
50 -87 57
-17 -78 73
-67 15 -1
78 68 -53
68 50 -25
58 73 82
53 -12 67
53 -62 30
-3 31 26
-76 -47 -25
44 -69 -5
13 90 -18
-17 55 -77
-96 -35 3
73 99 78
-16 -18 -62
37 47 -56
-98 -16 -26
-87 -47 13
-46 66 28
64 57 65
18 44 5
-52 34 28
-46 -95 56
-42 -63 -35
57 21 84
79 51 -29
65 55 11
12 94 -47
33 98 -11
38 -22 -51
-16 3 91
77 -95 10
58 -14 86
-11 -57 -54
10 59 -34
96 22 79
-23 -67 19
17 -29 25
-20 32 -38
-62 -94 -56
34 29 -94
-39 -5 79
43 46 4
46 -70 -18
-38 67 -9
37 12 -56
-42 -53 -70
90 -41 31
77 38 58
70 -87 -98
-1 -80 57
-3 69 -99
-98 13 -11
-8 -43 -52
78 36 8
-37 -90 96
57 16 -43
-50 56 29
-13 -93 -6
4 -33 -7
-78 21 -36
-90 -17 61
80 -94 38
98 87 99
65 -65 67
-35 -74 68
82 25 -90
57 -90 -77
-48 54 80
-83 49 -92
-49 -14 -62
-9 -77 48
-19 -92 -42
98 -46 -13
27 17 71
27 -62 -50
-60 -98 -8
17 32 -82
-91 -10 -24
-59 0 57
40 75 -71
77 37 -67
-45 -33 -83
-21 -73 -83
-20 -25 -49
9 -7 26
18 -33 -3
67 83 -75
-99 41 0
-22 6 2
-63 -99 93
29 2 -31
84 -88 -1
-29 15 2
37 -11 -77
-25 -5 -56
-43 92 73
11 -81 76
-5 -84 12
5 51 4
96 -57 -7
-92 -67 -31
-13 85 -86
-54 -8 -32
1 -12 53
68 -97 -57
10 -72 -80
-2 0 18
-43 43 46
94 -46 11
10 -77 32
47 30 20
-42 -34 2
88 -50 -77
35 -54 90
-68 52 -67
3 1 20
66 -23 -52
-48 -44 66
-60 -97 -21
-68 86 51
80 -74 62
90 -12 -74
29 -31 20
92 -98 39
-2 -53 61
-13 42 -48
-32 -56 70
0 63 -67
-3 29 84
-54 -95 -15
49 59 10
68 -41 57
40 -59 -91
56 72 97
21 27 71
6 -45 50
-3 -72 11
86 -35 35
55 -77 -51
53 -35 -63
92 40 79
-52 70 -57
4 65 -52
45 -54 -50
70 -18 79
76 86 -87
-19 95 -83
-93 -46 -87
-58 74 -5
85 28 98
-22 -58 -71
34 21 77
12 -68 20
70 10 -25
-6 39 -24
68 -86 -6
69 47 -6
-47 26 -16
-60 -46 -20
-62 -77 -24
-37 -91 -12
-74 58 62
69 -86 84
-16 36 79
-1 -65 -99
79 -13 -43
75 -32 -96
-58 97 86
80 19 -36
-64 -80 21
66 -37 42
37 -3 -40
-74 -77 -83
-7 98 2
-63 31 -51
-38 3 40
-45 -93 -49
-84 -20 58
88 -43 16
16 -1 -74
-14 -29 -72
-79 67 84
70 -39 -46
-63 25 -29
-21 -95 -83
-2 18 33
-30 -22 9
88 24 -14
92 -13 -52
4 -12 -83
-51 37 -58
-5 -73 -28
55 22 31
55 -34 -56
18 77 76
-54 29 76
64 -52 -71
46 -25 -24
64 81 -8
38 14 50
16 12 -76
-49 61 12
49 10 93
63 64 -6
30 -47 -90
31 85 90
54 53 -32
56 72 46
52 61 -15
-22 24 -63
99 84 59
-39 5 67
-51 -19 -10
-80 -91 45
55 67 -69
52 9 27
-58 6 76
93 -73 -16
-46 -2 -44
-53 -48 65
58 -70 -8
23 22 -49
-58 25 -44
98 -95 95
39 79 -49
32 1 6
-93 98 21
95 -48 -53
71 -35 62
-30 44 -83
-45 32 -54
32 -60 -59
-78 99 97
-73 20 -13
-48 -20 39
36 -12 -55
82 67 -62
-95 -60 -81
-28 -76 6
-27 40 15
-20 -69 -47
-75 12 -26
-74 -35 -30
-80 8 84
2 24 -65
23 -88 -18
-37 90 -35
51 -85 -76
-36 73 39
-45 -26 22
-2 -79 44
96 -57 65
54 87 -37
-36 -81 74
-1 88 -95
-73 -49 76
72 -19 25
12 13 9
-55 51 -33
-22 63 -35
52 89 -87
-17 -22 90
73 22 -42
-8 -11 -39
40 47 2
98 -20 -62
-51 -26 -52
52 4 -28
2 -63 -49
-55 70 -3
-11 31 26
72 -25 59
32 -61 75
98 -91 -44
-42 -53 70
5 -69 -90
-1 37 3
-76 -10 7
87 46 38
48 -56 -46
63 -50 5
23 -73 -72
-18 8 23
47 -15 18
-17 -13 84
60 82 -25
-97 23 35
17 29 11
-63 -93 -91
-13 37 -71
-29 -58 -25
98 20 -57
97 -22 -93
89 -87 -74
22 7 -15
-87 -15 31
28 -67 51
-53 62 -82
-87 -60 -57
-50 91 -59
83 -79 -76
-4 10 39
33 34 -90
23 -31 98
53 -10 51
72 -77 -65
5 -35 65
9 82 68
51 46 -55
67 -16 -67
29 58 21
-41 -67 68
23 -58 -34
-41 15 35
-58 -42 72
-23 12 67
-56 18 -7
-56 -84 31
-71 -7 43
79 66 52
-81 34 -4
-11 -73 -57
91 -73 48
-39 -49 75
-95 -71 40
-18 -50 -35
88 -80 24
-40 -72 -34
4 -53 -48
4 -9 -82
-63 4 -26
34 15 69
33 66 -40
-31 8 16
5 9 -57
19 -85 -77
-30 -38 9
-64 -8 -47
61 3 -55
18 -34 68
97 49 91
7 -25 -92
0 1 82
-25 56 8
98 -69 -47
-79 94 27
48 -65 46
-76 -24 9
-14 -13 4
-39 38 -44
-72 32 17
-36 -53 24
-18 45 77
-27 69 -92
73 -41 -87
-28 -29 -42
81 -23 67
-19 -74 -34
-89 86 -98
73 -99 72
-82 35 81
77 66 7
-35 92 -90
64 -67 22
59 52 1
-38 92 -27
70 67 -7
22 -53 -12
62 67 -40
-51 27 -50
-64 2 -49
-29 36 91
-69 38 25
-58 26 -68
7 -4 -18
69 -61 -3
40 -86 -93
57 0 -29
71 -49 -10
62 16 64
44 65 -38
-62 -12 -10
91 -61 59
-81 79 -38
22 1 23
1 17 -24
29 97 -82
30 -1 -87
46 -57 51
-52 33 4
-4 38 44
-51 19 -73
-84 -7 42
60 -50 79
-40 -96 18
-75 77 71
-74 -72 18
9 8 -52
-53 -30 -70
27 -53 -32
-22 -76 78
-88 -93 83
-53 -95 -39
-65 24 69
46 -16 45
-54 98 -61
-24 45 79
9 2 -64
-90 -7 59
-18 30 -6
-74 -8 -3
-63 -51 -39
8 69 -28
14 29 -81
-49 -24 4
89 93 63
56 -67 -34
-89 30 37
5 36 -66
-78 -39 77
94 59 37
-66 -23 -24
-40 98 -83
76 -2 -70
49 -77 -37
75 28 -42
-66 -29 -46
-6 -32 -90
61 -40 -99
35 -39 -23
79 68 -28
34 -5 -30
-52 11 -97
90 -89 -16
-82 13 60
-54 -11 56
71 92 -23
-65 7 15
99 -84 -68
8 -94 99
38 87 -31
-64 35 88
-94 -45 98
37 -98 84
-4 -1 13
19 53 1
-65 -8 -79
23 35 -18
-98 -55 25
26 20 -44
57 -66 42
-81 -39 41
-68 -18 72
-89 -66 -53
90 85 -89
-61 -90 18
21 64 48
-40 71 10
-61 2 -67
78 74 63
-61 3 -40
3 5 -53
9 -39 67
-64 52 -30
40 -33 -43
8 17 18
3 88 67
70 20 -85
-79 -93 -82
-96 46 -20
-53 30 13
-88 25 97
-61 -15 31
41 71 74
-96 28 -27
85 19 -72
-74 27 -4
95 12 -68
77 -18 -47
48 -38 -88
36 -64 44
73 -5 3
9 77 -51
-12 -11 -93
-75 78 31
-54 -9 20
13 14 -11
37 -96 -49
27 -87 -17
26 -72 12
-5 66 -27
-90 -67 73
-33 9 -39
29 -62 -37
66 -91 -73
18 81 -87
-99 -88 51
-65 -91 45
-3 28 -92
-93 -11 -76
-57 82 13
75 -52 -19
75 -92 40
-63 90 -46
-73 60 -49
-81 -76 -63
-95 11 -85
10 21 97
-1 82 -99
87 38 -71
-66 -55 91
-13 98 8
-51 3 13
-26 67 63
26 -1 -58
-5 -69 -31
-1 91 -89
61 78 59
37 -62 -66
-92 97 47
-24 21 -94
-88 -17 -12
6 68 40
-50 -31 57
87 -67 -98
-22 -38 -74
86 91 97
64 43 48
79 81 -96
-11 -29 -71
36 -24 32
-63 7 -95
80 29 -47
85 41 -22
70 -38 -47
-25 3 96
1 -97 80
-70 -36 -77
59 98 -54
71 -58 -53
-68 -86 31
49 26 89
-50 78 -39
37 17 -62
37 9 96
-19 16 -8
-94 57 -46
-94 70 -99
81 -67 52
-95 -75 -27
70 -37 7
-61 -10 -34
-13 50 -47
76 -11 22
-71 74 -2
-28 6 19
62 80 73
74 4 75
-24 -80 -65
17 6 -25
-63 -29 95
39 12 52
-85 -19 8
59 -39 29
88 -66 -62
-42 15 -60
-27 27 -58
55 57 1
26 77 67
89 19 12
41 -62 92
89 -44 -32
-71 -79 99
-3 27 -23
-18 -43 -53
-45 -18 -61
-3 85 76
-7 -27 58
11 -68 -89
-58 82 91
-47 88 63
92 -54 14
94 83 -40
36 96 66
54 61 -23
-77 -24 -50
-18 36 -41
-28 12 42
47 14 93
51 81 -12
-35 81 -69
-93 72 -33
28 3 -68
-4 7 64
41 -19 -74
-23 -93 -65
-23 35 -33
66 55 6
-75 80 -85
72 -50 83
-13 -5 80
-63 35 -80
-69 -1 -12
59 82 -88
4 -42 81
-31 -2 -32
-86 -51 -50
67 -68 8
83 -35 -18
-58 38 49
-87 -51 62
-47 12 21
60 -39 81
62 -59 -41
95 22 -12
-78 69 15
10 20 5
31 -58 -8
12 -5 15
-79 2 81
-45 -20 -38
-63 -28 13
72 -40 -55
-12 85 -46
-83 76 -77
82 57 89
-48 16 52
-71 45 -72
-97 -80 11
-46 86 23
-32 0 -69
40 11 4
-54 84 38
-76 14 71
43 -97 -71
66 11 44
86 -27 55
16 67 -44
14 -28 47
-78 -44 92
45 -43 61
1 47 -67
7 91 79
51 90 -51
-49 -2 -88
-32 -10 -92
43 -3 9
-53 -2 27
-37 91 67
-46 92 74
64 56 -25
-63 -17 -19
45 14 -50
22 68 -73
-26 88 7
24 -99 -76
-71 38 99
-32 39 90
29 -42 -72
-87 -63 43
-28 7 -7
-94 58 45
21 0 -12
41 -19 -12
86 -1 56
71 -70 87
74 -57 -48
-79 -45 -62
-76 -86 -11
40 -17 -79
98 -12 -29
83 48 46
19 -24 -48
87 79 97
4 -37 9
-38 -61 53
78 -68 -13
30 -28 -93
-48 -31 5
-19 -31 43
75 67 30
-62 17 -76
-6 98 8
52 47 -79
82 -11 -74
15 79 16
54 10 88
-97 -61 17
-49 -92 -74
16 -69 -54
-71 -12 78
46 -80 -36
-14 -80 -54
-12 -48 27
19 64 -95
-96 20 -49
-44 17 -74
65 70 71
-81 63 5
-88 2 -10
91 -28 -46
28 10 96
97 -55 11
66 2 9
50 78 -24
84 94 -10
-3 -9 9
54 -98 4
-12 -6 11
89 -84 59
16 50 -18
-70 42 26
77 -17 80
8 -16 45
51 -66 14
-25 -96 72
95 81 -67
53 -48 30
0 -12 -10
-85 73 25
71 4 69
-77 58 -51
-16 55 -64
-10 -70 22
-70 3 -11
-96 -78 63
1 63 56
66 93 2
52 -11 -92
-48 -50 72
-72 46 54
64 -14 -41
65 -21 72
-14 -75 -66
31 2 -41
57 51 40
-69 12 -36
35 41 -67
-28 -93 73
-47 41 61
60 27 92
-5 76 82
38 97 65
-57 36 80
12 57 -13
51 19 73
-86 -21 -80
74 4 84
40 36 45
-45 -37 -86
-10 -65 -64
85 12 89
-59 -28 65
-54 2 -38
-38 -56 18
40 -78 73
20 61 -3
-10 -44 72
85 -57 -72
92 -74 76
26 -4 8
15 -45 -85
55 -43 12
-13 17 22
54 -13 9
80 92 -38
-88 74 32
-93 20 -81
33 -70 3
36 -43 -68
46 6 94
-61 -28 94
51 36 5
-92 83 29
67 51 61
-61 -71 1
3 -37 -10
95 -11 93
45 -92 -95
65 -34 -21
-32 -3 -52
66 -91 -57
-29 30 -42
-58 -46 -75
-84 -16 49
-3 -71 -57
96 -92 73
96 15 -66
18 32 36
44 -90 -44
77 -40 13
-36 47 17
76 -98 77
-89 -60 60
29 18 -29
53 -1 34
20 -65 56
64 53 -34
26 -75 35
43 -34 11
-16 29 24
-55 4 -49
-93 9 14
-47 -41 -60
-92 -78 89
-50 -52 -93
-30 -66 27
56 -63 57
59 -6 -8
37 10 8
75 -16 20
12 42 85
-71 65 -49
24 73 -83
24 -37 86
-19 25 -62
-34 98 -13
7 78 -58
-57 43 -95
-13 97 -88
17 -95 70
90 12 38
2 -80 -56
-22 -82 44
-39 -5 -97
3 64 96
91 -74 -4
-73 72 -64
3 94 43
-51 -15 -78
-29 15 -98
-77 -39 -38
-76 -55 8
-18 86 4
49 76 -48
32 95 -4
77 31 -38
-7 93 -46
58 39 82
52 -12 65
-74 89 60
-35 11 -85
-86 98 60
-92 -8 -17
80 -72 68
18 71 70
-66 81 -78
-78 13 -92
-23 -98 60
26 16 -76
-26 -36 95
98 88 93
-48 -78 94
-35 56 79
59 53 19
17 -47 92
-93 8 -28
-51 90 -5
-3 -78 -27
-73 -50 34
-44 32 71
13 -78 -63
-17 -4 -27
54 -80 27
-42 71 -36
-49 11 93
36 44 39
-51 96 -41
-13 99 -4
-57 -51 -79
88 65 4
58 -24 -98
99 13 -93
-8 50 47
-55 -7 68
26 42 47
-32 10 -4
59 -15 -43
97 89 -91
-22 -97 -65
-66 79 -48
-67 35 87
72 -65 43
42 -56 -88
-86 -51 -24
-3 -33 11
-42 87 -66
75 -8 54
0 7 34
21 -53 23
-58 -79 -54
-17 -61 72
-27 94 17
-60 -85 -58
84 -38 -12
-83 43 -96
-73 -6 -77
82 -7 80
33 72 22
5 -54 81
-73 68 -92
13 3 -10
97 -92 4
-66 -24 81
20 81 -57
73 -24 -23
-28 83 -34
-82 -52 -20
-3 -80 -28
-34 -83 -76
12 -60 -1
18 -56 -72
-13 58 -30
-26 83 -3
54 -10 86
-94 -54 -13
65 0 91
32 29 62
21 -66 11
90 6 36
82 63 30
1 25 10
69 97 32
-21 36 66
-1 -24 53
-92 -49 82
-2 -20 -89
52 -15 6
62 -79 -34
42 71 -6
-71 -92 -93
-13 -67 -88
49 42 -90
49 39 25
62 -57 -2
20 -27 -17
55 -37 99
-14 -69 -88
-23 44 -13
-95 -12 85
-17 -24 29
-16 -93 53
23 65 -43
-40 96 77
-33 33 69
-54 -53 -24
7 -70 54
-48 81 -97
50 63 -33
-29 -84 67
-12 -91 -58
-59 -13 58
83 2 -78
3 -83 74
-14 45 27
67 35 45
46 -71 20
57 16 -6
-23 -59 12
-61 -70 -75
-25 81 -48
36 -16 87
20 47 -21
33 62 -33
-18 -70 -80
-69 -39 -1
-96 39 50
93 -91 18
77 -22 53
-28 -32 -86
-33 -63 -26
44 51 50
-84 74 -94
-14 65 30
-62 -88 -4
-75 31 84
99 0 77
95 58 9
82 -38 -43
-5 62 -31
-50 -20 33
6 16 93
9 -86 -99
-65 -45 63
84 50 -32
-30 94 -76
-32 43 -92
35 53 -57
-84 75 13
64 95 58
58 59 57
-87 -85 61
36 -21 74
15 49 -56
-20 45 84
2 -35 51
39 -76 4
29 -79 -80
32 -72 39
7 4 71
-54 32 -52
-47 1 -45
-92 39 36
-41 6 -78
30 -61 -78
-14 -26 -62
63 -22 -78
-92 59 -46
-90 54 -73
-71 -95 -11
38 -24 -36
44 -16 13
98 -20 24
82 -21 -19
-15 67 -65
98 -34 46
-90 -54 -45
-82 14 -7
-5 7 79
31 67 -70
-90 35 -58
70 45 83
21 70 -94
-71 -55 -85
90 2 -18
62 84 -81
87 41 -84
57 -88 62
-88 59 -82
99 27 -8
7 -76 -61
-50 -66 64
43 -80 87
-30 32 72
-22 20 18
-99 -43 -58
-80 -35 9
10 24 53
-91 3 -64
-86 57 -26
-43 -37 54
60 96 91
17 14 -20
17 74 -95
14 2 19
48 -49 89
28 -84 -74
74 81 -86
61 63 -41
58 -82 35
85 -18 -44
-70 8 46
-13 43 -48
44 3 51
-12 -17 -36
-4 79 -25
-2 96 18
-59 55 35
-63 65 31
-70 52 13
75 -49 -20
-4 83 80
-13 -26 88
-54 95 -37
-40 -18 53
79 21 -77
-41 -40 -47
59 -47 -22
-64 57 -49
59 93 -25
-12 -93 46
-32 78 41
-10 7 -32
-56 -10 -31
-98 -43 24
-97 -84 -78
50 -41 79
-58 -70 6
56 -25 -18
82 -53 74
-32 29 -10
11 97 22
70 -3 37
71 9 -7
-14 -82 29
62 -85 -19
54 -62 8
4 -18 -71
44 -70 -69
75 77 -68
-94 20 -74
42 41 12
-76 54 -65
60 68 83
90 -73 -1
89 -86 7
-50 -97 -38
-83 -61 -27
24 56 16
96 92 -72
-18 -92 36
73 -37 16
-20 -94 16
-49 -98 -84
-71 -60 -33
-85 -31 86
66 -6 58
-34 23 -48
-83 -67 24
-48 22 33
59 -2 -34
-99 -4 -63
98 -25 84
96 -83 30
79 41 23
28 -52 -38
-60 -86 -14
79 -55 -35
46 45 -34
-26 73 89
67 89 6
93 -29 -83
8 -20 -65
43 -93 22
40 -78 14
76 14 50
-31 99 62
83 -94 -44
91 22 -87
61 37 -36
6 -5 -48
9 -36 -35
-18 58 -1
-80 84 -94
-60 6 -42
-92 16 64
21 -25 -74
12 -18 36
28 80 23
95 -69 5
17 -40 1
-15 46 -9
-98 -42 -32
-65 62 19
-19 35 2
-25 -73 57
7 33 54
3 -14 29
-94 30 84
93 -63 -32
-36 98 8
-19 -53 -87
-94 96 68
-40 -12 17
68 12 55
-58 -15 -23
-99 -81 -72
-60 -30 -28
90 34 -95
-32 -66 -20
93 70 -59
-97 37 -52
-5 -81 -72
97 -12 31
-1 35 43
30 51 1
9 -36 -66
14 -72 -94
3 61 -88
-45 -8 -13
82 78 45
59 98 -6
-96 -50 32
-17 84 62
23 -80 -60
97 23 -46
-15 -87 -90
-81 -4 -2
-33 53 -40
-33 69 35
-82 -4 -88
27 12 96
-57 44 -31
-60 84 2
48 25 44
37 35 -4
42 54 96
27 -51 86
-88 13 9
56 3 72
-56 97 24
57 -26 67
20 -52 95
97 0 89
62 67 41
-45 82 5
-2 21 -23
49 -88 -3
4 -77 -39
-53 -24 -64
72 -41 -65
-40 -79 -27
80 -18 79
-96 -87 -68
-94 89 -14
-63 43 52
21 62 51
-31 -22 -6
-43 -7 -52
-88 4 -54
-42 -17 14
-85 -16 9
11 -73 41
27 -84 -86
45 83 -48
19 -1 -83
-86 -23 -81
-79 92 -65
-19 42 -27
53 1 -49
-70 -67 -61
49 -53 -90
60 -34 22
-28 -64 92
-85 89 51
6 43 -54
-56 -74 42
-65 -41 -57
-28 73 12
85 61 -33
5 71 -76
27 -51 15
-49 -81 -69
-48 -90 -79
-81 -9 91
63 -76 -55
57 -47 83
88 -89 44
-61 44 -39
-5 56 -40
-55 79 91
-54 37 -99
-98 -30 35
70 -79 -31
-15 79 12
-91 45 18
-70 -91 -64
80 64 19
75 1 -71
99 -36 -57
16 81 -80
-57 -28 -42
-23 34 -40
23 -22 -16
-60 25 11
-10 -53 -5
61 -17 73
-91 49 65
-5 66 -61
-66 29 67
-20 77 -35
5 23 -70
-95 4 -2
78 87 36
91 31 -25
18 84 25
11 74 75
-67 59 72
74 70 1
-99 -64 -83
55 -82 -77
65 -48 -97
40 75 -24
-21 31 -6
8 50 69
12 -34 -14
-97 90 -80
-32 94 -52
-7 -45 -72
20 18 -70
72 96 97
-25 75 35
20 -61 55
-4 74 17
-88 -43 86
25 54 26
65 8 39
10 -34 8
-50 -3 86
-70 53 55
-28 -26 29
-52 91 -25
32 9 -73
43 14 -4
58 -27 53
-74 -39 -19
-33 93 -85
37 -76 15
55 43 62
-30 47 -64
-87 -47 62
12 -18 28
-85 -20 50
-5 19 -57
84 -75 -85
63 -4 27
-77 -57 7
-87 1 -85
-98 17 -27
-90 40 -34
-42 -3 -7
-32 8 -13
57 84 -28
-27 -84 -36
23 -98 -58
-44 -33 25
-6 -24 65
68 27 30
81 -98 -47
64 -62 20
-30 -87 -27
-68 -50 52
14 -78 -93
-83 90 -57
80 -49 31
-40 -41 -42
-9 -16 -14
-64 -28 -95
33 -99 -55
83 -93 6
-80 55 -21
73 -77 1
-98 -57 44
23 -33 -16
-82 29 -68
87 -48 -61
72 -52 -18
-11 -14 -53
-58 39 -55
-85 7 -81
-14 96 -47
84 19 -6
-67 22 19
70 41 -16
44 45 35
11 -56 -77
58 63 -58
-6 -43 -17
55 -6 -15
-36 19 -51
23 54 -72
-20 48 -12
-69 -99 7
-7 74 -98
-61 60 31
-80 -50 12
48 -76 13
-72 70 -23
51 -63 36
70 7 93
-66 84 36
-94 -29 21
65 -33 66
74 -93 -3
-95 -98 8
-20 -35 56
-31 -97 53
-9 -42 -25
-56 48 -44
-24 81 -27
-88 38 -37
88 39 7
36 95 -86
-62 -45 -32
86 -15 -95
21 46 -74
-49 38 -86
-84 76 57
52 73 34
-18 -53 19
-60 -76 4
-73 65 57
-52 -38 -99
-85 23 50
-16 60 54
49 18 -56
14 31 -16
-29 51 -85
-35 -36 -4
-52 68 28
-20 -87 35
0 -79 72
-49 34 -21
-29 -55 -70
24 28 -81
24 -49 82
-36 70 49
31 62 91
45 -61 -77
-20 81 -88
4 69 -24
-26 56 26
56 37 72
74 -25 22
-16 28 -34
-17 -5 41
-97 -47 -28
63 9 35
-43 24 18
8 49 -68
-72 -40 -84
25 88 47
-19 31 92
-48 90 43
-26 -45 -76
34 -41 -49
89 50 52
29 21 23
-59 34 43
99 19 -23
-34 51 72
73 69 34
39 -88 64
-68 51 0
66 -34 95
72 69 -91
-53 20 -65
-1 -50 10
41 88 -13
-96 64 66
44 57 -32
21 -48 10
21 78 -53
-58 -69 73
16 -70 42
14 -77 90
-62 -36 70
99 39 56
-36 -21 -93
66 87 -93
88 25 81
42 68 -22
85 -22 36
60 -73 -30
-71 52 -89
43 -94 -96
-87 -32 -48
-89 -25 79
-5 17 -31
51 -72 85
-32 -39 7
-77 -99 47
-87 -4 12
-34 47 31
-78 -49 -9
-38 59 16
-5 -41 -97
-19 -21 -44
95 -4 -89
38 48 -98
27 -26 -66
63 -27 99
80 59 34
-21 17 64
-67 -53 72
60 69 25
38 3 23
-38 -67 -56
-32 44 16
-98 2 63
-37 43 -10
-20 -77 9
-81 -49 51
-88 -63 -35
48 -55 20
3 66 -29
75 19 9
-49 -80 -68
-12 19 -15
-91 -38 96
84 -7 36
-45 31 -5
-6 -35 39
-22 10 35
-52 -55 -41
-32 39 24
99 -13 39
-96 -10 -99
4 -91 83
94 -59 68
-94 36 34
-41 52 -9
23 -84 87
98 -37 -40
67 -22 27
15 -17 -25
-75 61 31
0 -2 44
-71 -26 -66
31 36 -90
-12 -97 62
-99 -47 -86
83 27 87
71 47 -76
16 -6 69
-83 13 99
-57 -86 50
0 -45 -78
55 -47 40
-18 62 -46
55 40 -42
-6 2 -68
48 -19 68
26 6 15
-90 79 -26
-81 -89 -18
8 41 -64
-97 88 73
-19 40 -71
-66 -74 99
-26 -2 19
41 -86 26
67 -56 -86
19 64 37
-18 -58 -15
-85 -8 65
35 22 -80
86 -39 -4
91 -14 -66
-67 -59 -26
-6 -15 -52
-36 -18 -26
79 24 59
4 -98 38
64 -26 95
92 72 70
31 -31 -83
-93 30 -38
0 65 -59
7 -44 -27
3 -86 -63
37 -70 -99
15 -14 -78
-45 2 19
-69 -78 79
-17 23 71
2 53 -51
-22 60 66
37 -27 71
-12 -81 -1
48 -85 43
-44 -8 -24
19 90 -18
37 -53 -80
-86 87 -54
18 25 34
-53 92 18
55 1 -35
30 64 61
-14 -53 70
34 -64 -82
44 -78 33
-15 -18 26
-81 90 -23
-96 -94 24
-13 -67 71
37 -87 -61
-19 21 20
16 5 60
27 -90 60
88 13 -21
6 68 79
9 57 -71
32 76 48
-81 36 -52
-36 -21 -41
-61 11 86
-58 -29 64
5 40 -86
-69 56 -11
78 -3 60
-88 98 -67
-67 36 65
55 10 28
-79 -24 43
59 85 -32
-23 -50 -61
-4 31 51
-92 81 -82
-99 -62 -29
10 -6 8
-76 -86 -90
-97 11 42
44 84 -72
41 -22 -2
35 16 -79
-72 19 -78
99 64 -35
6 -46 49
-86 74 64
55 -94 34
-51 -91 8
-58 -49 -29
63 86 9
-2 -82 -88
-65 16 -43
-54 82 -21
-45 -94 86
11 -89 -27
-62 18 96
-7 -12 55
-32 -2 64
-59 16 65
-45 -94 -84
65 -11 32
-40 -39 -1
34 -20 66
57 -99 51
-33 21 -32
-6 9 61
-48 70 24
-6 50 85
58 -49 49
56 -24 -82
20 -94 1
48 80 37
-91 -67 67
4 -12 60
60 -96 -84
-83 57 42
75 23 -58
-18 -36 -48
76 -11 63
-26 8 -48
50 57 17
99 17 -18
-63 88 -77
86 55 45
20 -51 -13
2 -41 39
86 26 -31
84 37 -18
52 92 -16
21 46 39
15 97 93
-42 -8 -39
-68 -16 -54
-72 -70 -66
-86 68 -63
50 0 -27
59 -7 -30
-43 -59 -9
10 -31 42
20 86 22
11 44 -14
54 92 60
-37 62 -32
68 12 36
11 60 -53
56 9 98
49 72 0
-47 87 85
-49 -57 -46
-7 -46 -70
94 -2 35
72 74 -59
12 -10 -14
-99 -19 -29
2 49 96
88 -63 -50
-35 99 35
-18 86 24
-90 67 12
-26 -53 -74
-18 63 98
-72 20 -86
-49 70 35
7 16 57
86 -97 5
-86 -93 -80
36 -24 70
-49 20 -94
-19 9 88
49 24 -67
-74 80 -5
17 19 29
98 67 -52
97 1 73
-22 -24 -4
-39 78 67
72 24 54
-85 -18 -46
-23 -56 -40
-94 -20 8
13 2 -53
-26 84 58
-36 -96 81
55 65 -56
38 -1 39
49 45 21
89 -3 51
29 -70 -95
88 -5 57
-70 -84 60
-56 -44 65
-66 -70 41
89 -79 -86
54 -78 74
-66 72 82
-54 42 -64
67 -6 -20
-97 -69 25
0 -40 -29
71 -78 21
-56 -96 -86
12 -9 -67
-12 -62 42
63 -64 37
37 57 97
2 91 99
19 16 88
-8 -41 87
-7 -53 -18
49 84 -69
63 86 65
-42 -47 -16
-31 -90 0
-42 35 25
7 -9 54
17 -88 73
14 -97 22
-34 -75 95
41 65 -66
-37 50 -68
7 14 -86
3 -8 -45
-63 85 -68
38 10 35
-60 -20 80
3 -95 57
-45 -95 87
-79 76 -17
24 -74 -68
44 -9 28
69 68 17
-66 -58 -23
-36 87 -48
-59 83 18
65 28 -44
50 -62 57
-29 3 15
-5 58 -81
87 -12 -61
-34 -51 -54
3 -83 68
-69 75 72
94 -71 41
50 -95 -19
-31 -20 74
-55 -15 56
40 -48 -25
-52 -13 -21
28 70 -97
95 74 36
87 -47 -58
29 31 -70
-45 44 0
27 34 91
1 50 70
71 67 47
-80 -36 85
-36 -96 68
40 63 -26
50 -55 24
25 -77 -81
0 22 -43
19 92 -66
40 97 -89
58 78 -68
40 -86 73
28 -32 -49
57 64 66
59 -61 49
17 76 -30
-69 30 -58
-86 -98 18
74 -62 -81
-48 76 -78
-54 -21 97
38 -41 -90
-81 -19 -16
-87 -59 68
21 13 -30
-62 -66 -7
-60 1 40
-3 -42 2
95 -67 -57
86 69 98
-1 0 1
-66 -3 -82
-5 81 -47
4 62 -89
34 53 -27
-88 -19 93
-46 -66 24
68 25 71
60 1 93
21 72 89
-59 -87 95
22 1 -31
25 82 -58
58 -20 71
-21 47 -85
24 -3 -38
-51 80 70
-49 -61 44
56 -43 -75
-75 -88 47
32 44 -65
24 -79 87
42 -92 -29
-65 -99 6
-23 38 4
13 -14 -68
72 -36 -90
84 -64 -92
-92 -15 61
-79 12 76
8 -86 -37
37 4 -19
29 -69 45
12 -21 75
-53 -13 33
-35 -17 -28
45 51 75
76 -14 -60
-66 44 -85
-75 -68 67
-59 -34 -8
65 -12 29
-96 -17 -40
39 91 43
-26 90 7
-79 -83 31
-62 -49 -51
-66 -47 23
75 -58 10
9 30 -90
82 90 -20
46 -80 -12
3 -67 91
-83 30 -20
-26 -55 -33
-52 -50 57
-36 -75 -85
-63 -76 36
-2 4 42
-10 -19 -83
34 -17 5
63 -23 47
-16 66 28
-23 31 -58
-26 45 35
66 72 -28
71 -44 23
18 70 -61
52 51 -81
57 -60 -28
80 -16 84
12 -69 -5
46 5 81
59 -59 -2
68 71 -57
-81 56 -42
53 99 -20
-6 80 49
-96 -70 9
-18 -81 44
4 86 57
41 23 -53
-22 52 39
94 47 69
17 -92 -25
-74 -33 70
-39 -30 7
47 43 23
13 41 -79
32 -56 -4
26 -51 23
-65 90 0
-85 13 -45
25 -99 70
36 1 -71
12 42 -66
-57 76 -68
-39 -8 22
91 -10 -25
56 13 -57
50 62 -70
-62 -7 24
-43 98 -64
-34 -4 65
-87 -97 -32
-41 -12 37
24 -69 -68
-76 -85 -75
-1 -88 57
10 58 5
-94 73 5
-84 -36 33
-35 -20 35
-17 -96 21
-50 60 13
-82 52 34
-47 -97 92
-48 -40 -32
80 37 22
-13 70 78
-89 -79 13
17 39 -71
-22 -28 27
-69 -2 40
19 -59 79
69 74 -8
25 -84 26
-78 67 48
-83 65 -78
-78 -72 42
57 29 -52
-1 -92 -77
-15 69 -20
-52 85 97
19 43 64
-46 92 44
75 33 49
-34 49 -35
-42 -5 83
-48 -96 -51
58 8 40
-77 -4 -32
-47 13 -84
-37 34 -5
47 16 70
-73 -95 34
-25 -17 18
-42 71 45
-46 -1 -93
-31 -93 73
16 -9 -88
90 -99 -19
-47 24 75
52 89 37
33 -10 45
45 -85 17
90 22 -25
-12 81 -73
60 -62 13
29 34 74
-82 -25 -59
-12 14 -30
-45 -20 -30
97 38 -36
31 -92 12
-18 -33 -20
47 84 94
-74 -53 68
67 -92 75
-45 73 43
-29 -60 -26
-52 60 -11
44 69 -58
98 60 -59
32 41 -83
98 5 79
26 -73 60
29 35 60
-28 29 -45
6 -67 4
-21 -11 -41
69 77 46
-40 -89 -15
78 26 -13
-9 -89 -15
75 -14 33
19 38 37
-71 51 34
22 54 47
52 -94 74
-37 54 30
11 -65 84
-22 39 -76
61 93 -79
19 -49 -93
-50 21 -22
-86 68 16
-4 58 15
21 82 -80
6 3 44
17 55 -12
62 14 6
-62 -25 -92
-63 -28 88
43 5 -66
-24 -99 52
68 -74 -8
25 -40 21
-15 48 -26
-29 84 63
10 -24 57
95 -67 97
73 23 80
-88 -43 36
92 -89 -67
-18 98 78
-74 28 -99
44 0 42
7 -8 -49
92 72 -1
-73 -89 -72
-96 -37 44
-24 -69 -85
37 -98 82
-70 73 45
-25 20 94
-51 -7 -84
-48 3 -56
-19 62 20
-5 -67 -91
29 26 19
-63 -23 -99
-98 25 -70
-17 -97 93
-91 -99 -56
-21 82 -11
-48 -90 -10
69 97 5
42 -46 -54
85 5 55
76 -49 -73
-45 91 -47
-41 -64 38
-21 38 93
23 -24 54
-17 23 -73
-59 25 -49
-70 -98 -22
35 -17 68
28 99 -79
62 -95 -27
17 -73 83
76 -88 -24
-33 -38 -17
-51 7 -45
-33 -94 4
-31 -77 30
39 34 82
85 61 -31
-69 -81 -27
74 -54 1
6 -4 79
43 50 -65
97 -13 -19
-62 -73 68
-65 2 70
-35 80 91
69 86 -20
61 -51 -87
-6 -43 -86
58 -22 -4
31 51 -20
40 88 -36
55 -75 -83
-14 -47 -3
41 82 -95
-22 -75 57
-53 -62 -40
66 68 49
93 32 12
-19 83 35
-94 -52 75
78 93 88
-44 -25 11
-33 48 -18
2 -14 59
-91 -64 -25
18 -62 -72
65 -43 -22
64 -63 -15
53 -99 58
67 -71 -48
-31 -37 -33
-13 52 -83
-45 36 -96
-12 54 14
97 -84 30
76 -61 89
45 -2 90
-66 12 31
-71 52 7
95 -75 0
-10 73 70
-47 -95 29
32 -83 64
-53 73 -63
-75 -23 97
39 86 -32
58 -97 -18
-84 -33 26
-49 57 -24
48 -20 -30
-8 5 -64
-41 -80 -61
92 95 -5
23 -57 84
40 65 18
93 30 15
70 -2 -72
-92 18 -12
9 85 -62
-18 64 -84
70 10 -29
79 73 -79
99 -13 -78
82 -82 19
-20 -88 4
71 32 -19
-65 -85 80
1 -68 -58
-70 -2 -62
7 72 21
-64 -81 -19
-33 -51 71
18 -45 79
81 18 -41
-89 15 -63
87 -23 -74
81 -99 -27
62 96 37
68 99 60
-12 53 -84
-71 77 21
-70 -94 40
93 -20 -38
-54 -3 50
16 63 -93
8 37 -69
-79 5 66
-9 6 -63
-83 92 -79
70 32 -6
84 35 -4
80 1 -22
-44 -4 31
-41 32 14
-95 -84 64
89 -8 -31
61 59 -15
22 6 -92
2 -27 6
-43 -73 42
35 16 45
91 73 -46
33 -45 -94
-43 -85 -12
45 -45 78
62 -4 -87
16 -40 97
-15 19 29
60 -24 -15
33 63 -34
-16 42 -57
-67 6 17
28 -86 82
84 -56 -71
-51 68 -60
28 -8 40
-83 78 27
-28 -48 64
70 -3 -49
32 88 -10
16 -40 51
98 52 66
-12 -84 -39
44 61 40
24 -95 -17
-38 74 52
-93 -47 -1
20 83 -9
13 81 48
30 32 -63
70 36 60
-7 59 -34
31 81 68
82 54 -46
10 -26 -94
6 62 -74
-20 70 16
-26 -89 -72
-92 52 -2
93 89 -99
21 99 54
78 -73 -55
-86 -2 47
-70 22 29
-2 -12 9
-68 53 -11
69 -4 -84
-69 -33 -51
8 -89 92
30 -5 36
74 -65 39
-59 77 62
5 53 80
62 41 -22
55 18 -19
81 19 -84
62 -90 -1
88 49 53
-74 -67 -53
-21 69 61
84 -16 -65
-62 -23 -64
-6 -7 -67
-52 -54 74
20 75 89
8 80 59
-53 18 46
-77 77 -78
-47 44 -26
1 -50 -98
75 85 93
-89 -80 6
35 -15 -19
-71 -95 28
-30 -17 -29
-3 88 79
7 45 -90
15 -13 82
-68 98 21
92 4 40
58 5 -7
-6 -56 58
50 -81 44
5 36 0
6 37 -74
18 -23 -5
79 -84 11
-9 -47 -14
41 -37 24
80 -3 99
-89 -99 88
74 49 0
-84 79 -51
87 -59 1
98 -45 -40
-57 -14 -43
-75 27 52
21 70 78
37 -63 -54
98 -80 49
-73 5 92
38 14 16
-87 73 -90
-3 -49 46
13 92 77
-39 -12 -76
-70 89 17
98 46 2
80 -84 -72
-99 3 -24
-9 -25 -68
8 86 -25
-8 59 32
68 56 -76
7 -20 -60
-17 -72 -93
-42 3 -17
16 -93 97
-29 -4 -48
-69 53 -32
-41 -30 90
-38 66 -36
99 41 75
-81 66 11
-2 -31 -84
69 10 -52
39 -56 -46
-51 94 -45
-95 -71 74
34 21 -98
53 56 12
8 -78 -11
4 -26 -32
16 35 -74
-26 -71 -88
-11 43 15
-10 35 -89
-86 -58 77
-24 2 -50
-78 13 -79
-7 -9 65
-46 -8 -55
-96 51 -27
-95 -75 -6
-73 84 87
29 -72 -36
31 59 -21
68 52 -46
-74 7 33
4 37 59
-82 68 -70
93 -81 83
42 80 -86
-53 -20 78
-92 80 1
-35 -26 -89
82 -7 55
-89 53 -53
-80 -90 22
-44 -9 -23
-20 88 71
84 87 25
-99 65 49
-10 -7 34
74 80 91
21 -10 93
-69 64 78
-92 -51 19
-60 -94 -11
-60 60 -38
-79 68 40
-50 -83 51
88 58 55
-75 -27 58
-8 4 -96
-47 -23 -84
25 -66 61
77 -82 -72
-49 89 -35
87 -63 1
-3 -51 -94
99 -52 -39
76 -60 70
9 -80 91
27 65 80
46 97 89
21 -96 -67
76 -89 88
-14 -45 80
11 21 39
61 0 -37
-59 36 -70
-34 92 46
25 -18 -59
76 -7 56
51 -84 83
-1 -37 40
-90 -31 82
62 94 48
46 61 55
-18 -66 80
52 -75 31
-55 -33 13
19 -5 31
-71 58 37
-14 -22 52
91 -68 48
74 -48 -28
98 -53 82
-59 7 2
47 83 -24
56 19 -82
81 -69 -35
-60 -18 -55
59 77 99
-24 47 5
52 93 62
-59 73 -21
-36 23 60
-94 -82 -59
79 67 47
-77 48 96
-97 78 27
20 3 52
-22 -63 -5
35 39 79
59 55 57
-28 34 24
99 -81 22
79 90 -96
-43 30 68
-18 -33 -63
1 82 84
-42 -94 -60
-55 -27 -75
-39 6 -25
-96 19 79
-84 31 -92
23 -64 78
98 -67 -39
-5 53 29
38 43 10
12 -28 19
99 -33 -58
-2 -20 64
-99 5 8
0 55 -42
32 -84 5
-21 -14 -2
-4 -5 -63
-25 31 83
-38 -48 95
-50 58 72
-8 -22 -67
-87 -68 39
-15 -38 -19
-90 -31 63
23 -29 39
82 -6 23
36 63 4
1 32 46
60 52 -33
5 -83 79
-87 77 25
26 31 -98
-78 -69 -64
26 -83 86
-86 -48 -32
23 -14 70
-9 -42 15
-90 -54 -13
-95 -53 -66
72 14 97
93 13 69
79 -40 89
-19 -39 -35
81 72 7
-31 -43 2
-40 -8 -6
-22 84 40
86 -91 76
-84 65 7
2 84 24
96 83 27
2 9 14
48 8 -15
59 -77 -10
8 -19 -2
82 31 88
-30 14 -99
-74 -96 -20
46 90 -38
-65 -58 -18
84 -54 -81
-44 -29 51
66 40 -84
-28 -39 -2
69 5 -95
-40 -3 -8
-49 -13 -25
5 2 -97
-67 -23 92
-83 90 23
-25 -96 -30
-90 58 -46
48 -95 -73
-66 -68 -19
94 24 -13
67 30 -27
-4 9 -37
-14 80 -95
-90 24 -36
-52 26 11
-58 -13 -5
0 -51 -37
76 -85 71
-35 62 76
26 11 40
-46 27 88
49 -39 0
-35 -45 58
-21 83 54
54 -34 -2
-24 -50 -26
-20 -73 -24
33 -70 30
44 -57 39
-8 -18 94
58 1 -40
26 -37 4
-87 1 -21
-59 74 -95
-63 68 -80
-61 -60 33
70 88 98
-42 -23 -9
-13 -76 -41
-21 74 55
11 61 57
-98 -21 -70
52 -83 25
23 24 48
-67 98 84
-43 53 -8
-46 9 79
-43 -22 93
-71 49 48
33 17 -96
-16 23 95
-32 19 -90
95 77 -33
-81 -62 -54
-82 -10 48
-77 -32 81
11 -80 -71
-22 56 53
89 -82 41
85 -75 92
94 61 53
91 90 -21
-31 -17 -15
-54 78 -57
-50 -24 -39
-95 87 -25
-98 -45 31
74 63 45
50 90 7
87 -50 8
-39 -58 52
60 -56 -9
-69 24 87
-23 -52 6
-29 -91 39
23 12 82
81 96 -81
-92 6 -41
85 -18 -29
25 -47 88
90 -24 83
16 -93 -56
43 -94 83
36 -94 -11
-30 53 67
49 85 -2
73 65 0
7 -2 -86
53 3 -96
29 -83 -9
27 25 -19
-83 2 -92
-4 63 -50
-84 34 -38
-23 -62 -85
-82 7 31
-58 -47 23
62 8 33
-54 -69 32
26 66 35
54 -27 -33
75 -69 -87
-2 -28 -70
-33 64 3
81 34 42
-34 -45 54
43 19 40
-31 62 73
36 97 16
-50 -66 39
21 -59 97
-20 9 22
-97 -17 -25
44 38 -36
-21 20 -98
-51 -99 -21
-22 -32 -61
76 40 -67
-45 44 16
-6 -78 77
99 18 67
98 -35 -49
-50 28 -58
-94 39 85
-64 15 36
-25 -22 12
53 73 64
79 -93 -3
-4 -50 70
-61 32 -45
30 34 12
-16 33 -4
52 0 -79
-6 77 -45
-72 3 -7
-86 -1 -28
-90 -45 39
14 24 -13
-21 37 85
-43 88 17
-77 43 -48
-80 -22 -46
-46 -96 1
97 5 35
-55 22 46
93 33 -7
12 -42 -65
-25 -55 94
81 -74 -92
32 -82 86
94 -3 -38
5 -1 84
61 39 18
48 75 -20
-55 29 -32
32 -61 35
-67 75 -43
69 -98 -14
-21 85 -81
-34 43 65
70 -78 -68
61 -94 -24
-61 40 -18
19 -40 -88
87 -55 12
-97 -43 -38
87 50 1
96 15 74
50 11 96
18 -72 16
-9 -47 53
-74 56 -80
50 31 -92
93 5 4
-38 -13 57
-89 68 -24
29 32 51
-24 -78 68
67 46 -47
17 68 74
-81 -65 -84
92 36 -82
-48 -13 95
65 14 7
52 -32 62
1 -3 -14
17 -50 19
37 -12 -21
89 88 -32
76 56 -98
18 -44 -28
43 62 -54
37 46 -84
-60 -35 -30
-84 -49 71
-83 -43 -28
-9 6 47
60 84 13
-35 54 -43
12 -89 -18
73 29 5
-3 -48 60
-56 16 -6
64 83 -71
63 30 -29
21 54 -10
21 99 -97
-80 20 -12
-67 65 51
-17 55 45
78 -17 -70
28 32 98
97 26 -86
-50 77 94
5 7 -13
-9 -99 93
-21 -69 -50
24 90 -71
11 -22 61
-43 97 38
-96 44 -89
28 13 21
95 -83 -24
34 -57 30
78 -44 -36
-41 -78 -81
32 97 51
-55 99 -41
85 -54 3
8 -2 25
23 -68 -53
-15 41 25
-60 -53 -6
-10 27 -41
35 -28 -22
41 -32 97
-30 18 -87
64 83 7
-28 78 -88
-31 91 77
-18 -24 -69
-41 93 -45
22 -42 2
88 28 -39
77 -34 -70
-50 -72 -14
-92 -64 -69
56 -27 -40
39 0 87
-23 92 97
48 84 39
-92 -48 46
55 -9 86
24 10 -41
-31 -30 35
-32 -40 -38
96 -38 -28
27 96 -84
-69 -20 -26
91 -12 15
-97 0 32
57 -18 5
-3 79 45
61 3 -97
-23 59 -88
-11 42 90
-44 82 16
90 60 36
-59 -7 80
-28 26 -1
87 69 -13
-47 -30 -20
-62 14 -67
-63 -33 62
-16 6 -21
-55 25 -64
39 -36 97
40 -84 18
-12 57 -35
-24 48 9
76 61 -85
-93 -45 98
58 -13 -62
-52 79 75
15 35 7
17 93 -9
-30 32 -99
17 -18 62
-70 -87 86
86 -17 -13
15 22 -3
-20 -56 20
-62 40 -11
40 -35 21
55 -47 78
-80 31 94
94 95 -12
-20 -52 -78
-38 -42 10
36 58 92
6 69 -87
0 -64 67
93 -93 -2
18 -56 99
-53 54 80
46 -70 60
30 -13 14
-51 72 49
64 33 45
22 -58 -52
-70 -5 -26
-97 -59 37
-59 82 93
67 -5 60
-21 -79 10
67 -11 16
-37 -4 -80
35 -13 -39
-91 99 -24
69 48 22
51 -50 78
7 -89 -97
-62 92 -6
-86 -37 50
45 87 24
-81 56 30
-85 53 67
89 50 16
81 -1 53
-37 71 -45
6 94 -86
-69 78 35
99 -25 41
32 -30 91
48 -15 17
-56 52 57
98 -60 -67
45 55 -72
47 -75 17
-14 -24 19
-89 -98 -80
-70 89 62
-62 8 -14
-8 72 -13
17 91 97
67 55 -40
78 -50 -91
-99 45 -76
-23 29 -73
91 -7 32
-37 54 -8
67 81 -7
-33 96 59
16 -80 71
35 65 -64
25 70 95
54 -2 10
0 20 -83
61 70 -89
18 -63 55
63 -64 15
93 88 -55
92 98 -77
-98 -3 59
-11 83 56
-60 33 -43
-10 47 7
9 5 56
-63 -66 18
-54 -16 27
51 -62 -6
-59 -29 -13
24 -35 26
66 -56 -17
5 15 40
89 74 18
22 -22 38
-69 -90 -24
93 90 -99
-79 -91 -98
-87 -3 63
51 -93 99
-75 -45 -37
54 36 27
80 23 -44
-76 2 21
46 84 -99
45 84 -74
-46 -8 21
13 -83 -79
34 86 82
44 -84 -19
88 -28 18
-43 -94 76
-55 31 4
2 55 31
79 90 73
78 -98 97
47 19 -40
14 64 -81
39 42 32
68 4 -56
-14 31 79
17 15 -17
79 63 75
-89 87 93
-78 51 -25
-39 72 -70
21 67 72
82 52 69
-96 87 32
-2 -72 17
-76 -51 1
-77 -99 -72
-11 3 74
73 17 94
33 -39 23
9 56 77
-79 74 23
-42 55 57
30 -91 -8
20 -21 -53
-59 88 74
-72 31 68
-23 -25 -5
-66 40 -26
6 -17 42
49 73 51
-61 -30 16
-70 -11 17
73 75 -97
52 -81 -13
70 28 55
-65 -97 3